Iteration     : 1
CompLabel     : a
averageVal1   : 0.54143
averageVal2   : 0.16471
AVG_MAG_VAL   : 0.16442
rmsVal1       : 0.54143
rmsVal2       : 0.23244
AVG_RMS_Val   : 0.17008
amplitudeVal1 : 0.00438
amplitudeVal2 : 0.00000
AVG_AMP_VAL   : 0.35632
Label 1       : bpos
Label 2       : bpos
t1Start       : 0.00000
t1End         : 22.25000
t2Start       : 22.25000
t2End         : 33.29000
tAvgIndex     : 16.64500

